100
490.02562 1.49538 1902.16609
492.46755 1.45351 1942.45699
284.00000 2.00000 326.00000
495.71516 1.45450 1953.88325
287.11415 3.32813 533.57609
497.66586 1.27721 1939.35310
497.69882 1.03361 1937.83101
113.0 4.0 1518.0
74.7 1.03208 1576.3819
13.0 4.0 1595.0
471.97270 2.25476 1774.32398
218.0 2.0 141.0
77.7282 1.764 1928.796
260.31468 1.36938 107.49426
393.00000 2.00000 786.00000
309.678 1.3020 1738.0
376.0 2.0 763.0
490.86444 1.26425 1972.00838
188.28846 2.81865 115.79876
391.0 2.2260 2000.0
490.00000 2.00000 980.00000
161.7 2.1465 1864.775
111.0 3.0 1805.0
184.80519 1.79062 1835.05124
373.75726 2.67673 632.72271
493.30278 1.20125 1904.18457
492.26849 1.12123 1989.34464
424.00000 4.00000 436.00000
370.88611 2.43125 987.59518
498.00679 1.11626 1935.49278
206.44629 1.34930 1835.67337
217.38901 2.34213 542.30769
218.38128 3.59609 1336.38679
491.23676 1.01854 1949.64246
319.00000 1.00000 320.00000
412.0516 1.0 1490.4
242.42325 2.33698 118.18542
413.19380 3.31503 992.98674
492.02511 1.37082 1971.86385
497.05441 1.42107 1936.55396
453.5045 2.24172 1805.3084
491.23376 1.16384 1916.01575
490.23250 1.02297 1972.91384
1.08055 3.38459 1999.60243
492.34229 1.02672 1950.32606
147.0 3.0 241.0
495.92988 1.44880 1926.29708
494.80319 1.45072 1905.95210
341.03706 1.55246 1.0
330.00000 2.00000 348.00000
1.00 3.1 168.7
491.98630 1.35452 1989.05629
500.0 3.5458 938.15
448.82 3.465 43.34
146.0 2.0 542.0
372.0 3.1235 1555.03
159.25231 3.0 793.41
492.03199 1.38264 1957.70330
99.6311 2.48 1743.5415
280.0 3.0 1230.0
1.03533 3.79835 1999.81342
210.5 3.7685 1486.01
496.54203 1.47628 1909.77635
490.53649 1.04204 1974.49629
490.16923 1.03414 1921.61430
376.04264 2.89226 1371.16601
267.26300 3.72359 1926.53558
158.36466 1.07760 1550.94394
22.5584 2.06 1190.0
1.43721 3.64995 2.33938
371.74075 1.24164 1867.16163
498.37010 1.03839 1979.57167
383.88423 3.39156 1209.26254
490.75677 1.05021 1924.96827
491.52511 1.22009 1973.51982
23.95315 2.67050 1959.53157
267.0 1.0 541.0
266.1 1.56056 1069.80734
491.10294 1.27381 1974.52636
352.00000 2.00000 704.00000
493.64142 1.36278 1967.64375
491.68079 1.21632 1938.91979
498.19423 1.40533 1951.31207
491.67969 1.02475 1935.58282
72.0 3.0 402.0
433.81496 3.70507 40.70401
273.0239 1.5 636.0
494.03001 1.19016 1925.05928
494.10003 1.20183 1972.28930
412.00000 2.00000 824.00000
87.62263 4.00 1228.4
494.30559 1.48229 1990.47490
492.85259 1.27346 1986.86789
493.50938 1.21951 1981.84117
1.02493 3.63641 1999.76600
1.08489 3.18554 1999.38834
14.0 1.0 1234.0
227.0 4.0 1764.0
184.69639 2.04231 1393.73611
237.0 2.0 205.0
