100
4 2
5 2
6 2
1000 1000
1000 1
503356 415304
871613 713511
499317 481266
974050 926165
999999 262143
999999 262144
734348 604339
500000 262144
999999 128
1000000 128
329711 298287
999999 524287
500000 237857
1000000 524287
500000 241389
999999 999998
500000 262143
999999 499999
999999 2
999999 524288
500000 249999
385780 369809
411346 336644
597815 474762
1000000 262143
1000000 1
999999 475712
679090 661804
523578 522651
866803 852962
532368 423113
1000000 1000000
500000 1
1000000 289843
1000000 499999
500000 250000
500000 170706
509688 464075
2 2
500000 131071
934428 769028
1000000 520422
1000000 475712
3 1
500000 127
1000000 999999
480820 453957
908932 777793
1000000 524288
709342 700723
843580 735563
1000000 127
452445 414793
474542 417971
999999 1
277276 248495
999999 999999
500000 500000
999999 127
999999 499998
775903 649470
819578 681453
527793 442156
461929 423673
999999 475711
1000000 2
587676 564325
990277 867285
2 1
1 1
1000000 499998
484341 456342
389661 327165
1000000 500000
572152 536530
4 1
1000000 262144
3 2
999999 302966
414357 348825
665992 605312
500000 499999
302339 254770
5 1
333183 289950
999999 499997
500000 131072
500000 128
1000000 475713
500000 249998
555066 540245
500000 2
500000 237856
999999 507022
794661 787052
